,,AGE_AT_SCAN,AGE_AT_SCAN,AGE_AT_SCAN,AGE_AT_SCAN,AGE_AT_SCAN,AGE_AT_SCAN,AGE_AT_SCAN,AGE_AT_SCAN,SEX,SEX,SEX,SEX,SEX,SEX,SEX,SEX
,,count,mean,std,min,25%,50%,75%,max,count,mean,std,min,25%,50%,75%,max
SITE_ID,DX_GROUP,,,,,,,,,,,,,,,,
CALTECH,1,19.0,27.442105263157895,10.299747342611731,17.5,20.549999999999997,22.8,31.85,55.4,19.0,1.2105263157894737,0.41885390829169555,1.0,1.0,1.0,1.0,2.0
CALTECH,2,18.0,28.016666666666666,10.888593600104437,17.0,20.825000000000003,23.450000000000003,32.875,56.2,18.0,1.2222222222222223,0.4277926319464987,1.0,1.0,1.0,1.0,2.0
CMU,1,3.0,30.333333333333332,8.504900548115382,22.0,26.0,30.0,34.5,39.0,3.0,1.0,0.0,1.0,1.0,1.0,1.0,1.0
CMU,2,2.0,25.5,6.363961030678928,21.0,23.25,25.5,27.75,30.0,2.0,1.5,0.7071067811865476,1.0,1.25,1.5,1.75,2.0
KKI,1,12.0,9.556666666666667,1.4022860124118977,8.09,8.2975,9.335,10.5025,11.76,12.0,1.25,0.45226701686664544,1.0,1.0,1.0,1.25,2.0
KKI,2,27.0,10.081851851851853,1.116133563268362,8.39,9.305,9.97,10.73,12.77,27.0,1.2592592592592593,0.4465760847047225,1.0,1.0,1.0,1.5,2.0
LEUVEN_1,1,14.0,21.857142857142858,4.111094611061499,18.0,19.0,20.5,22.75,32.0,14.0,1.0,0.0,1.0,1.0,1.0,1.0,1.0
LEUVEN_1,2,15.0,23.266666666666666,2.914659173083209,18.0,22.0,22.0,24.5,29.0,15.0,1.0,0.0,1.0,1.0,1.0,1.0,1.0
LEUVEN_2,1,13.0,13.807692307692308,1.0641597142515298,12.1,13.0,14.2,14.3,15.3,13.0,1.1538461538461537,0.37553380809940534,1.0,1.0,1.0,1.0,2.0
LEUVEN_2,2,19.0,14.221052631578948,1.4508920426062875,12.2,13.2,14.2,15.149999999999999,16.9,19.0,1.263157894736842,0.4524139283588641,1.0,1.0,1.0,1.5,2.0
MAX_MUN,1,18.0,30.444444444444443,13.988323795736894,11.0,19.75,29.5,40.25,58.0,18.0,1.1666666666666667,0.3834824944236853,1.0,1.0,1.0,1.0,2.0
MAX_MUN,2,24.0,25.916666666666668,8.319263484680373,7.0,23.0,26.0,30.5,46.0,24.0,1.0416666666666667,0.2041241452319315,1.0,1.0,1.0,1.0,2.0
NYU,1,73.0,14.921630136986298,7.085509872476929,7.13,9.95,12.96,17.88,39.1,73.0,1.1232876712328768,0.3310423554409469,1.0,1.0,1.0,1.0,2.0
NYU,2,98.0,15.674020408163262,6.219429907211209,6.47,10.9025,14.28,19.9475,31.78,98.0,1.2653061224489797,0.4437659922058227,1.0,1.0,1.0,2.0,2.0
OHSU,1,12.0,11.430833333333332,2.1824858984583835,8.0,9.727500000000001,11.05,12.935,15.23,12.0,1.0,0.0,1.0,1.0,1.0,1.0,1.0
OHSU,2,11.0,10.37,1.0976702601419064,8.2,9.885,10.5,11.045,11.99,11.0,1.0,0.0,1.0,1.0,1.0,1.0,1.0
OLIN,1,14.0,16.785714285714285,3.765809166874854,11.0,14.25,17.0,19.0,24.0,14.0,1.2142857142857142,0.42581531362631997,1.0,1.0,1.0,1.0,2.0
OLIN,2,11.0,17.545454545454547,3.1737560197228882,14.0,15.0,17.0,20.5,23.0,11.0,1.1818181818181819,0.40451991747794525,1.0,1.0,1.0,1.0,2.0
PITT,1,22.0,19.353181818181813,7.518892640329198,11.4,13.625,16.99,21.735000000000003,35.2,22.0,1.1818181818181819,0.39477101697586137,1.0,1.0,1.0,1.0,2.0
PITT,2,23.0,19.12782608695652,6.32490456738766,11.81,14.16,17.36,22.16,33.24,23.0,1.1304347826086956,0.34435022157509093,1.0,1.0,1.0,1.0,2.0
SBL,1,14.0,35.285714285714285,10.759100415845266,22.0,30.0,31.0,39.5,64.0,14.0,1.0,0.0,1.0,1.0,1.0,1.0,1.0
SBL,2,12.0,34.416666666666664,6.037132572419599,26.0,27.0,36.5,39.0,42.0,12.0,1.0,0.0,1.0,1.0,1.0,1.0,1.0
SDSU,1,12.0,15.053333333333335,1.671517184168232,12.13,13.945,15.5,16.5125,17.15,12.0,1.0,0.0,1.0,1.0,1.0,1.0,1.0
SDSU,2,21.0,14.319523809523806,1.8850742059411778,8.67,13.35,14.75,15.53,16.88,21.0,1.2857142857142858,0.4629100498862757,1.0,1.0,1.0,2.0,2.0
STANFORD,1,17.0,10.150211764705883,1.6505781191306703,7.5284,8.7912,9.9473,11.6543,12.9363,17.0,1.2352941176470589,0.4372373160976031,1.0,1.0,1.0,1.0,2.0
STANFORD,2,19.0,9.88981052631579,1.6185392868930846,7.7502,8.6338,9.3149,11.28715,12.4298,19.0,1.2105263157894737,0.41885390829169555,1.0,1.0,1.0,1.0,2.0
TRINITY,1,21.0,17.006190476190483,3.1176152363472887,12.0,14.41,17.03,19.41,23.08,21.0,1.0,0.0,1.0,1.0,1.0,1.0,1.0
TRINITY,2,23.0,17.483478260869568,3.6589983834323387,12.04,14.785,16.83,19.744999999999997,25.66,23.0,1.0,0.0,1.0,1.0,1.0,1.0,1.0
UCLA_1,1,28.0,13.617500000000001,2.694361224373489,8.49,11.18,13.585,15.690000000000001,17.94,28.0,1.0714285714285714,0.262265264156481,1.0,1.0,1.0,1.0,2.0
UCLA_1,2,27.0,13.521851851851853,1.9532124171320295,9.5,12.05,13.46,14.620000000000001,17.79,27.0,1.1481481481481481,0.36201399289824565,1.0,1.0,1.0,1.0,2.0
UCLA_2,1,8.0,12.35125,2.0622486859874933,10.04,10.78,12.26,13.13,16.47,8.0,1.0,0.0,1.0,1.0,1.0,1.0,1.0
UCLA_2,2,12.0,12.396666666666668,1.0252568044892536,9.79,11.937499999999998,12.65,13.03,13.63,12.0,1.1666666666666667,0.3892494720807616,1.0,1.0,1.0,1.0,2.0
UM_1,1,36.0,13.444444444444445,2.4147693701699784,9.2,11.5,13.25,15.249999999999998,18.6,36.0,1.2222222222222223,0.42163702135578407,1.0,1.0,1.0,1.0,2.0
UM_1,2,46.0,14.241304347826086,3.181444541710679,8.2,11.274999999999999,14.3,17.2,19.2,46.0,1.326086956521739,0.47395957755848767,1.0,1.0,1.0,2.0,2.0
UM_2,1,12.0,15.049999999999999,1.487218269729828,13.1,13.8,15.0,16.225,17.4,12.0,1.0833333333333333,0.28867513459481287,1.0,1.0,1.0,1.0,2.0
UM_2,2,19.0,16.9421052631579,4.1200479756475445,13.3,14.65,15.8,17.700000000000003,28.8,19.0,1.0526315789473684,0.22941573387056172,1.0,1.0,1.0,1.0,2.0
USM,1,38.0,24.5969552631579,8.569750642677665,11.3539,17.9021,22.514699999999998,28.984975000000002,50.2231,38.0,1.0,0.0,1.0,1.0,1.0,1.0,1.0
USM,2,23.0,22.332304347826085,7.8691677181769615,10.4668,16.587249999999997,19.7591,27.46065,39.3949,23.0,1.0,0.0,1.0,1.0,1.0,1.0,1.0
YALE,1,22.0,13.007272727272728,3.098088783839823,7.0,11.2675,13.0,15.605,17.75,22.0,1.3181818181818181,0.4767312946227962,1.0,1.0,1.0,2.0,2.0
YALE,2,26.0,12.756153846153847,2.8365346138174687,7.66,10.709999999999999,13.54,14.3775,17.83,26.0,1.2692307692307692,0.45234432086120474,1.0,1.0,1.0,1.75,2.0
